99 524 128 542 sở
73 449 210 507 VĂN
227 441 438 499 PHÒNG
370 507 399 523 Tel:
65 567 95 586 10ó
32 3 201 57 CUBY
341 545 390 564 Email:
449 442 588 483 GIAO
87 587 123 607 Phú
590 437 720 489 DỊCH
593 495 624 509 Năn
363 523 423 543 Hotline:
624 494 669 510 không
342 563 413 584 Website:
126 584 188 603 Nhuận
100 545 139 563 Nhà
66 547 98 565 Tòa
132 753 256 795 https:
481 502 498 515 86
209 557 241 576 Trỗi,
99 561 168 585 Nguyễn
131 523 185 540 Phòng
459 3 566 47 0899
188 518 229 537 702A
245 556 272 572 P.8,
68 529 96 545 Tru
170 560 207 578 Văn
596 513 617 528 181
638 527 671 543 Đình
400 505 426 520 028
217 576 260 596 HCM
699 490 735 505 đơn
192 395 292 418 PRINT
272 0 444 48 Hotline:
233 517 271 533 Tầng
633 511 662 526 tròn
425 520 459 537 0963
668 492 699 508 cho
412 555 552 580 vinacow
61 592 83 608 Q.
717 522 750 536 HCM
455 503 478 516 888
662 509 689 525 Quý
598 531 612 546 P.
581 2 656 48 199
130 272 652 409 Asiá
192 581 213 598 TP.
263 757 409 791 Vwww
613 530 638 544 ton
461 520 487 535 469
427 504 453 518 220
699 523 717 538 TP.
380 520 522 540 010.0905 3469
304 395 326 413 &
336 391 534 414 ADGERIT
612 512 634 527 AN
691 506 741 522 khoàn
417 759 667 794 rombyn.
274 515 289 531 7,
595 507 750 528 BIDV
131 538 245 559 Centerorpint
509 537 542 550 com
665 3 745 48 838
672 525 700 540 OF
642 522 758 543 MOVIESAN
576 761 665 792 com
252 756 273 792 /
387 537 539 557 hotlion
486 519 514 533 900
560 5 741 47 199838
597 497 745 517 vương
437 11 450 46 :
413 756 562 796 rube
367 506 510 524 Tel.0282828
402 544 548 569 alƯƠNG
170 574 265 600 T.TH.CM
684 507 714 523 kho
677 497 705 513 NGOẠI
706 513 745 528 ĐOÀN
664 502 693 518 of
680 524 718 541 A.P.
